    8
 HF-SCF001/CC-PVDZ  ENERGY=-672.41536126
 F         -1.2073909968        1.2317628926        0.0000000000
 F          1.2073909968       -1.2317628926        0.0000000000
 F         -1.2073975836       -0.6158781110       -1.0667322296
 F          1.2073975836        0.6158781110        1.0667322296
 F         -1.2073975836       -0.6158781110        1.0667322296
 F          1.2073975836        0.6158781110       -1.0667322296
 C         -0.7630091432        0.0000000000        0.0000000000
 C          0.7630091432        0.0000000000        0.0000000000
